[[7430  778   57  125  159   29   17   31   27  215   65   31  719  148
   183  101  112  113   68   62]
 [2638  889   25   39   83   13   11   16   18   58   26   16  494   56
    97   48   53   60   27   18]
 [ 657   96  109   16   45    4    5    9    5   25   71    8  204   11
    63   15   31   28   12    4]
 [ 523   66    6 1029   22    4    5   13    5   13    8    6   90    9
    27   14   20   16   11    3]
 [ 414   85    6   22  470    3    6    6    7    4    8    3   65    7
    22   22   31   25   10    4]
 [ 727   65   13    7   24   34    5    6    3   11    7    0   79   20
    34   13   10   19    7   12]
 [ 613  109   11   14   27    1   15   11    4   24   12    9  295    8
    52   20   37   20    6    7]
 [ 478   58   10    4   14    2    9  130    5    3   10    5  268    9
   109   16   33   17    3    6]
 [ 513   86   15   10   23    0    2   10   29   31    8    4  236   10
    48   46   42   12    3    7]
 [ 297   19    4    5    2    3    2    1    2 1076   12    1   40    3
    20    8    7   13    1    7]
 [ 977  152  151   40   54    5   12   26    9   22  173    9  387   34
   133   29   54   74   16   17]
 [ 475   66    9    6   13    6    6   12    7   16    9   14  248    5
    39   15   30   12    6    5]
 [1484  222   43   46   27   10   25   42   16   46   34   20 2096   33
   141   37   57   26   15   11]
 [1800  181   15   20   42   15    4   10   13   35    7    8  141   96
    40   28   25   40   17   32]
 [1035  216   45   25   45   10   17   40   10   18   36   16  531   16
  1456   23   46   41   12    9]
 [ 915  132   14   24   36    4    5    9   17   27    9    7  219   21
    34   44   27   24   10    6]
 [ 812  153   29   37  122    2   11   25    6   19   10   12  319   17
   107   41  170   33   10    8]
 [1308  194   40   26   67   13    4   18    9   80   40   20  303   37
   131   31   34  325   17    8]
 [1006   92    6   26   27    6    5   11    7   10    8    4  109   16
    31   23   18   22   86    7]
 [ 738   71   12   10   28    2    3    7    4   28    8   13  105   10
    29   18    9   11    6   36]]
Precision: 0.3215945619459061
Recall: 0.3215945619459061
F1 Score: 0.3215945619459061
Accuracy: 32.159%

Process finished with exit code 0